25109918
23322511
21090845
21761955
21087688
21153612
23227765
23052172
22099009
21248015
24213148
23647918
23840035
24710941
21217703
21208309
22098684
24501693
24303850
24874018
22298613
23315182
22453064
21626079
21329436
25664999
23626648
22455447
21624657
23784748
24995629
25553229
23404036
22838429
24866113
24397800
21702966
24836933
21220126
21479372
21892735
21021709
24378063
22877462
22633577
23330498
25317912
24712158
25286436
25551261
25132294
24841973
22261824
24542470
25620192
24234357
25674979
23514086
23294142
25623962
25084390
21433452
21548118
24573355
25314741
24285511
25529132
22750832
25562774
24202064
26002954
25855560
22400686
25160605
21672622
23363783
25659712
21692492
21308281
25962073
22405083
24689603
23610759
23800674
23732302
21254368
22476955
23246171
21567098
24570623
25383803
25127333
24358727
22035861
23189541
21181694
21799596
21943326
21869516
23284763
21534776
22231805
22151867
23866028
24332353
22189048
25439474
21426048
24928483
24313098
21978502
25714946
25566703
25845631
25127322
24726222
23195076
24175395
25940110
23555091
24665338
24047108
23602669
25228005
21235602
23301972
25661831
21545884
24302723
21470044
25070512
23270847
23825142
23717544
23817364
21276687
25039843
24262962
22923009
24263025
24193341
24270757
25192049
22823652
21295246
23896769
24399091
21475944
24577468
24703308
21613853
24057445
21809529
22185937
21500845
23899033
24916689
22469399
24008901
25514596
22437055
24814796
24830455
24601530
24171216
22687235
21865795
23187562
24735649
24672493
26020859
25438788
24176914
25079576
25328382
22738222
21297470
22515145
23055088
21852455
23627952
25042125
23397823
23465087
21996664
23213449
24838939
21555648
22548546
21795550
24020984
24946871
25220578
24806518
22925214
24796096
24663714
25500941
22935963
22723050
21681675
24795877
22624421
21433654
23346512
22774058
25535155
24776752
21103585
23977511
23943530
25148985
25866191
24611921
24560428
24102611
23430384
25598781
21146842
23366587
23174566
22082567
22082963
23353149
22704893
25078594
24388274
23596718
24229039
22166053
23139637
23714927
25534701
22089522
22724011
21475681
22018561
21874533
22195874
22307391
21344059
25154100
24863953
24131785
23388719
24806313
21246053
22449843
24530000
25234206
23781353
21522953
23444782
24490594
22597004
22049201
22087184
25266523
21700253
24552554
21181800
25068993
22400865
23509697
21720428
25453423
25669612
24277081
23220860
22401877
24216280
24240009
23168065
21356307
22985370
25308378
21825003
25230609
23005083
25727772
25046454
23307783
23748385
25343971
23658231
21084828
25888748
25176733
22679385
25663529
23974426
23688476
23699948
22582626
24812781
23656798
25146327
21686156
22012855
23972039
21609860
25306051
23131686
25755503
23664147
22600108
24265456
23773245
21168526
22793021
23287742
21788420
24422233
25977512
24622004
25032789
23705056
25453416
25702828
25920090
22140287
22958449
24201932
22092917
25938115
23001436
25688763
24501046
24409120
25271391
21245861
24581880
23993021
21611588
22981213
21464959
23255822
24750680
21795140
23981626
22130661
23614191
22355530
21635412
21137891
21149826
23240262
23169754
24659666
22715516
23185437
23791410
23356800
25847873
23525735
22299363
24957647
21955008
25673886
25519779
23793835
21790624
21999870
24241026
23173369
24451587
24710144
24472857
21535452
25781732
22937717
21522050
23479724
24429314
21202471
24385443
25211420
24935570
25481107
21252611
24483578
21735659
23972722
22191520
24757616
21956835
25343945
22515649
23885311
22735144
21216556
21459627
23406203
21330778
24141208
23135630
21550511
22028728
22270753
25508818
21533570
24130530
25428149
22236385
24931021
23551602
22144232
24890571
23694738
22051189
22216223
24694722
23635623
23724955
23126768
22931209
21025057
22351142
24773485
22679634
21675811
25034448
22088666
25288691
21002104
21014973
25067218
21187006
23561687
25628138
24950456
22233285
22007015
25519321
23283392
24062459
23925193
21875075
25847605
23124883
21669727
25081468
23554258
23109075
23885937
24815430
22384024
21576809
22299392
25324761
21217584
21476393
23831318
25480794
25665126
21786450
25683080
23578821
24903696
22939979
24237891
25911378
22999138
21632265
21007431
24133945
25460768
21490527
25935736
23932085
24641107
22533677
23881001
25421982
24136730
22772614
23087527
21390330
23120597
25355311
24385774
23911518
23401470
22346187
23912609
25964833
22624005
21956221
24056310
25564035
21676567
23994131
25789540
25256410
25786142
22325692
24041265
25299443
23862162
24305325
24925420
22158611
22613837
23009785
25831123
25853941
21652591
24432198
25228886
23846814
23333126
23730897
22298036
23740121
21199729
22909259
21423762
25475580
21140009
21031282
25962211
24956250
22506593
23223176
21613188
25342528
24007462
22365369
22708106
25957726
21266710
24677947
23418115
23376510
25094830
23281140
21239524
24708608
22005561
24179884
23863452
25676840
21296552
22314436
24819196
23430104
21629400
23791708
25046967
25808100
21440136
25456095
22073682
22876139
24943913
23806042
24050193
23504243
21266107
25255178
21537917
23152344
24520895
21287346
22927744
21772556
24510871
21770635
23550855
22521489
23040857
25094683
24608973
21497626
21311595
21483580
24179085
22125953
24958712
21334379
25898285
25539893
23800416
25988256
23414348
24245228
24619077
23601080
24595718
22804853
24904218
24583140
25984251
24633516
24986611
25482490
21403444
23908820
24662845
23022924
25028411
21551274
21029045
24716173
25844160
23912439
22916720
22462241
25309647
24689357
22493824
21919705
24156004
21847178
25161290
24205546
23002348
23510688
22992445
23849305
22350871
24100479
23118859
22481640
22773942
25801393
24348815
25315218
21161250
22051435
22833672
23516737
23085766
23878561
23628992
21611189
25875633
22572082
21812593
24036962
21246084
21061216
22370419
25522112
25955917
25714696
21533568
25360222
23764590
24520072
24707294
23830124
21371951
25095767
25213483
21567689
25215212
22548945
24939218
25609937
23223456
25690569
24071809
21414025
22264944
23775049
22690111
24427874
24191482
24100867
22035701
25497497
21499443
23596236
22883649
22987613
25991784
22991845
22342455
23854795
24988666
23400388
24606343
25610196
22723373
26000209
22129005
23171502
22074402
23345563
24624455
25766388
25948592
22172831
22887823
24398310
21693381
24910963
23319730
22345822
23250472
21186522
23890696
23574322
24648018
22258732
23828195
21040398
24596464
25417887
22002726
25861891
23990165
23864592
25289364
23373258
24901827
25598497
22601677
23575254
24178656
21321678
21113916
22852681
25041671
25796494
22188624
24727762
23956181
22290864
22282783
23688785
22522185
24288528
22955718
21985814
23275985
22473339
24965725
21997529
22021031
25263399
22820780
24817973
21596191
24123918
21859756
23828349
25466611
25758524
21033523
25059360
22451722
24058203
25333538
21216272
24604566
22534617
23474872
25927999
21560792
23847377
24325025
23742631
25998713
24527183
22272063
22987017
23826889
23683353
22805877
21336850
22973965
25872058
21754818
25618794
24393785
21397877
25265202
21803149
25624246
24540910
22174952
23736223
22033893
22167097
24546545
21220042
22201007
21310798
25200174
25083704
21271832
21114711
23566593
24168710
22238274
25485650
24289363
23619027
22720553
21535406
23169002
22343769
22217372
22860181
22401285
24447004
24100495
25380068
25191068
23472199
25117284
22586035
22118412
23642009
21258781
21388813
24763445
21215998
24705584
21679585
22699960
22590627
23508170
24423297
24447955
25259886
25957196
23743843
24741535
21367299
23286564
22029973
24145917
22393796
24098368
23051969
22242125
23696193
23917060
23295897
23463475
24312022
23329925
25018976
22842796
23844525
22196990
23950228
25342751
21420097
24370468
25313661
23501245
21679888
23295868
23916713
25982763
23948654
25317989
21410189
21114482
25348721
24843548
21704025
23155469
23559631
24035951
23071923
21417451
24071481
23069944
25703236
25301643
22162842
23910431
24043723
21550366
23057426
24580695
21438545
24731262
24946769
23153036
25909231
21961420
23460375
21714549
21338699
24409508
21504259
25941506
22222538
22581290
25673534
24924170
23131167
24789929
25065277
22710748
21099835
22655746
25330478
24390285
23883766
25906120
24042927
24507557
24666510
22866727
23532977
21664703
25450495
21135799
22496028
22598186
23242950
22979851
25013819
22001864
21534656
22535840
21946687
25586880
21698711
21361746
22470050
21270259
21029298
24727812
24987153
25740693
22460455
23501442
24156061
23549980
24076666
23052782
24273666
26002425
22485319
25994609
22529077
23973590
21304330
25826223
23907043
25032437
21181992
21158216
23569566
21659604
25087930
25612060
23795583
21436758
23388808
25707304
24525105
22169013
21487819
24618511
25576264
23945423
21467260
21059144
21430114
25529024
21548508
24336311
21936029
25325706
21451891
21903895
22046640
21518659
23624940
22469502
22247845
25784952
21117181
24629132
23989255
25726427
25552900
24372724
23574333
25305892
22299680
25783257
23911451
23707272
22246309
22176357
23244567
24464500
24010956
23432843
25875828
22248790
22827705
25811169
21686014
22911200
23283107
24592191
21268389
23185288
23412990
23327192
21023209
23601199
23391228
22270606
25999290
22272856
22435057
22485665
22646274
22594564
21522255
21170356
25865756
23099433
24957261
24478456
26013332
22982839
23937481
25636186
23913216
21225269
22662768
22722265
25832273
23923756
21360157
23451005
23741531
21544860
23127918
24647163
22286830
21475660
21858407
24002453
21589340
23363166
24079689
24546399
24918676
25620303
22158232
25913504
24804399
21216022
22759028
21748429
24201712
24531392
25714970
24872208
21712287
21665906
22106945
21434238
24948506
23515140
21595348
21649096
24360128
24821941
25484447
22757587
22058127
21608774
22355519
25130221
23981596
21359083
23476879
23413080
25365979
21458746
25268617
24524044
23983443
22171526
25599012
23890672
25732025
24333940
22811573
21415830
21173397
24343692
22931719
23425786
21995716
24913454
21587589
21849973
22324357
21864926
24578870
24755274
23570881
24249122
25171501
23285196
25655881
25975835
21178116
25008032
25229054
22401753
23968190
23551429
22176651
24616225
25974528
25130602
22483379
24096772
25583713
21392740
23098469
23831512
21022296
25226810
24101218
24601340
24253901
24180006
25644747
22302969
23863305
21038757
22298797
22580891
21088228
21893330
22209236
25245763
24749811
21854398
24205475
22850361
24748274
24459340
24085103
23753048
22235683
25246961
25972484
24598486
22836083
24853650
22700471
21282730
25314802
22043303
25956309
21357883
24666820
25205620
22053853
21776141
25623341
22331723
24519792
22702262
24715788
21051628
25078254
24949848
25228475
23608846
23444092
24122461
24494362
22194539
21939887
25192033
22968607
25949505
21898466
23725672
23904798
21137362
25295600
24345946
25327338
23289786
22253688
25364565
25669862
24301114
25815650
22586689
24083831
23223084
24200960
24788248
24183294
24860111
24102861
21811938
25058894
24579575
24788512
21078945
21864053
24514155
22261867
25172859
23210863
22995409
21562467
25509229
24391691
22996716
24434131
23883371
21674739
25547120
24224353
21035259
23225667
22340250
22674326
21201662
25337735
22719955
25461671
21579677
21659781
23290861
23705364
21412111
24016127
21931961
25165802
21997323
25785683
21560602
25602694
23141725
25392748
23317835
22089905
22578212
22055123
24586075
23049163
24404755
25201278
23005111
21701766
25810403
24598329
23718157
23037438
21558805
25777974
22878506
22495664
23871492
21205684
21836942
24073110
25142328
22546658
21070186
22533000
25648582
21369612
22815420
22384522
24111572
23160820
25124890
23165828
24695407
25119489
24960156
25594281
21645529
24942708
25112020
22322342
25376284
21927377
25952201
21336097
24439003
25954183
23467489
22229714
22163438
25289522
24486228
25675153
23391189
23038259
23044850
24617747
25758340
23392400
24623041
25064706
24335314
25459841
24184887
23577967
23042036
25460437
24261708
22441837
23001739
24284707
21411162
22780114
23992408
24734513
25634379
21937580
25199889
25797829
24753647
21572514
23796678
25145603
24336561
24292220
22322640
21455209
21617757
22496312
22272802
24611335
22701963
22631087
25448151
23849933
21185263
21350003
25779038
21497539
21746751
23697415
23379167
23300573
25370564
23089501
22436956
22981644
22493769
25502301
21170748
21215864
22110495
25362533
24036335
25956861
25615678
22653556
23659800
23165917
24444348
25948633
23541069
25540188
25963051
23117973
23286756
24863511
21215879
25939374
22636326
25338666
21733887
25637424
22242920
25803680
24549297
21903028
25466320
22259774
23440926
23210478
25948742
22687825
24324635
23643095
23202470
21847538
22037275
23404900
22686684
21861756
21106187
24394461
21479776
21103316
22438657
23677769
23770394
25159388
22998606
21978711
21058056
21418250
21653878
25962677
21935258
23924757
25863102
23776204
24333847
25355472
22671892
24581536
24350577
24381894
21837878
23022229
23250923
23378299
21042670
22519577
24796950
22029734
23552694
25206725
23289039
21925096
25074767
22276390
25095486
21608585
24311602
22984042
25015094
25833751
21144777
22322246
24037220
23143480
25260896
22825411
21668668
26002451
22673961
24767135
25754723
26007973
21751518
25229698
22667604
24995370
24284802
25144009
25452285
22413211
21913345
22448942
25719088
25177964
21734456
25140467
23156732
25212914
22220382
24366773
24753601
22229878
22908736
22691275
23287326
21001524
21795324
22336621
23348913
23227728
24293944
21996945
24859578
21535427
21099400
25617586
21549132
24420851
22920226
21389403
25961269
21506526
21271588
25406865
22481933
21823303
25433216
24525972
24701232
25032948
23533277
23981179
24608818
25416399
24814376
21184378
23662744
23995004
25874492
22373145
25189995
23402274
22604062
21925935
21935766
22681625
25225222
23230467
22595687
25501738
21392923
23693978
23569621
24162424
22416166
24301447
21573136
21514206
23244780
22693899
25863000
23758349
24310202
23484673
23100581
21660079
24570197
22051920
22735131
21739414
25750717
24309726
22084878
21264732
21704952
25718913
24512475
24938134
22477127
22966343
23117501
21237728
22894484
25841722
22318653
21702914
24464378
25157047
22522676
23212426
21186803
25024067
23591546
24820849
24430977
21763962
23738197
23326186
22045457
25861976
23663936
24435519
23465360
22645422
23807922
23799411
22723719
23854435
24004626
25497382
25768206
22228438
22809220
22839742
24718844
22557542
21377425
21659917
21296300
24427581
24050872
25360729
24098325
25589050
24348747
25559072
23908219
25299769
22827335
21563002
23695881
25779729
24411525
21835808
21003555
24872104
23140395
25998076
24239425
23855925
21537403
24680851
21253892
23589993
23942756
22968202
21851333
23070808
25094741
24322338
23009684
25908197
24304967
22692931
22920380
23849830
24178301
24307948
22266193
21348324
21887781
21492563
25623604
22182514
23363100
24159798
21446591
25646321
21401047
21518103
22404439
23578788
21906532
22067065
25367440
22753747
25762462
23505919
24827711
25096549
24803644
24029464
23853269
23527975
22537729
21067920
25783589
21002457
25245911
22707946
23143608
22212290
22032258
22134942
24940791
25432960
23473915
25107945
22269106
25165018
23470379
24957878
24397623
23855463
21487750
25221640
22828002
25276816
25771988
23513549
22089942
23870112
21441563
22620527
25468508
25603634
23582466
22676402
21947582
23396173
22463216
23268434
24181847
22040684
22588352
22201875
24970830
24546800
23711064
21294372
25744616
23552151
21810682
24159741
22589370
21111378
24179335
22318748
23674420
23766718
21057615
24062991
22455327
22522056
23904452
21800719
23399376
24800262
23464240
23361958
23142043
23516760
21183518
24215409
25920848
21393176
24159922
24750930
23160698
24191004
25732813
23838774
25424580
21847965
22472983
23389103
22260731
23707253
25520478
21224767
24097479
24374960
23590604
21378960
24106946
25597631
23412871
24229600
25600985
23465915
25881465
21678507
22177661
23442301
23569139
24969455
25410391
24313625
22678866
22156649
25930930
23804108
25978808
22248982
24086639
24198669
21124619
22292190
22665915
22775732
21106852
25007282
21467733
22285186
21723640
23114597
21489380
25698477
23963183
21776387
23626334
24709388
21547949
22033683
23817834
21665068
23899738
21763085
22315777
21157316
22523072
24388191
23684652
24319978
22227402
25018556
23829988
23608439
23926652
25019756
24472502
22883658
23468783
22364574
22962221
21661295
21867754
24237795
25858719
24117980
23174636
22768034
23662874
23095971
25706885
25837549
23656018
25091033
23089106
22726597
25903591
25202342
21187356
24926563
25845148
24739721
25425586
23843122
22170885
25591105
24485982
22619124
24410604
25121942
22669733
21315637
21305677
25172903
25617721
25971801
22040989
24670841
25295424
22793973
23599431
22998376
22626375
24946139
23394662
22835960
25606728
22676517
21480267
24694632
22877392
22174927
23369322
25304577
22687515
24675968
24193839
22048404
21819994
24847542
22155199
24718528
21031056
21283711
23568997
24138590
25525066
22870816
22047320
22396329
21444572
21787195
21708994
24765813
25870768
22486908
25645521
25242067
21396323
24748114
23174640
22907295
22586579
24899666
23453743
23583470
24130284
22311114
22390210
23165295
22137852
24142061
25074928
21903926
21251209
23506144
23822275
22291711
24777863
21042007
24134995
25248373
21377066
23418133
24384731
23027024
22846290
22471631
22591864
23193417
24828491
21808476
22912373
25463415
22688936
24873908
24402985
25560023
25776813
22063963
25804240
23597632
25033804
22361671
23334012
21262660
25006215
24336148
21794832
23061029
25333449
25641994
24909497
25236691
21942068
23214367
25209649
21011295
21308163
21505642
24321983
24315615
25705131
22638200
21000657
23745089
24520260
24231065
22473537
21963765
23062812
25820395
21007222
21204706
22530575
24186514
23477473
24847339
21796295
23692278
25257476
22742142
21866672
22711130
22445713
23543789
21658560
25176879
23698772
23778243
21153506
26004627
22743963
21398953
22871563
21937181
23197280
24909999
22812471
21181354
25763083
21997225
22964110
22587576
23334089
24827321
24802749
24551305
21655889
22984833
24457078
22775968
24358015
25695353
21847840
23441779
25201205
22238207
22631464
25202323
23738752
25012934
24252519
21530593
23764235
23900629
22845077
24537852
23444915
23868197
21727025
25723493
24591326
23556861
25910429
25969359
22651784
22521853
25844651
23774758
23748634
24646466
22531556
21701302
24160485
24312004
25721872
21461344
21635658
24567578
22643382
23291733
25866250
23092541
25371692
22252057
21188929
21225783
21975652
21701582
21554589
24527388
22971012
24646667
21121569
23327941
22232288
22334991
21125774
23958343
22560246
25430064
25954773
22321223
23601409
21881455
25173662
25900045
23068220
24929674
22618688
24407604
25323539
24381816
21954132
24186573
21318295
23000716
25170157
23202252
21992873
25480014
25009906
21283317
21237638
24379233
21944268
21963877
24188697
23969686
23257473
23684135
21701393
22521369
24830006
24979560
21723153
21264970
24744190
25637096
23763168
21011587
23520891
22906719
22110662
23166229
23965250
21716051
22850991
24160995
21672211
24975764
23097457
21118436
21988778
25365347
24476214
23219250
21896386
25716784
22888256
21005220
23570319
21182254
21747474
24192787
21781439
23803511
24495653
23413476
23971360
25860517
22442900
25651922
23629137
23813083
23109494
25229929
22624214
24802998
22972435
25093723
21861836
21207730
23429297
22221023
25166013
22276017
21609903
22879004
23673788
22626605
25451433
25942765
23365550
25358874
23461330
22875850
25978579
23962986
21216090
26024127
21682517
22939709
25291655
25457717
22055231
22214759
25696184
25024191
22978969
21679867
24843958
24987018
23363157
22387192
24333145
23973274
21989448
23815727
23176960
23866155
24990965
22087986
23501230
25564348
21595263
21880593
23093867
23754055
24520880
21189344
21246144
22419182
24531023
24661325
24828516
25204719
24732450
22050402
24323065
23728849
21609842
21755400
23274338
22871252
21279886
21648916
24536943
24651117
23970667
21471854
21350731
24531042
23666740
24166057
21318520
22379679
24484273
22284390
24046533
25294214
22090527
21025085
22677466
25452796
22248370
22901027
24184607
25076626
22725940
23835293
22676554
22882262
21441896
23915051
23926765
26015243
25876198
21703551
25467406
21097783
21163906
25763770
23242010
25561351
23030021
21211298
23899779
25172860
22409989
25104358
25046421
22437529
22524914
23600711
23745943
25351325
25958176
22079874
22191066
21871701
22548784
22552951
22575267
24004957
22125082
25225261
23800322
24454746
24886906
22497841
21947215
26022721
21357788
23459816
21645101
22908846
23035307
23684993
24729149
21542738
21403345
22198263
22434038
24016641
23459290
24740004
24923740
23342545
24434039
22031973
23743397
24165027
25670885
22556389
24052449
24969249
23965484
24683977
24463677
24083008
24886787
25889871
25340848
25449329
25390465
26010256
22560316
25733983
24868790
23731501
25515882
22378040
25074821
23715802
25666223
21573487
21918964
24916595
24587795
23855526
22198651
25729272
23965803
22164896
23213634
21209083
21587248
24182166
23547327
22205530
22527042
24964923
24374981
22810906
22415105
23744501
24624140
22783394
22096033
24509515
24103143
21106998
24151799
24575726
25190106
21821243
25808185
21526301
22907193
25415488
25730176
25661083
22934072
22585480
24761374
25049609
21015776
24091299
24137723
25436212
24719318
24405495
25091779
22704782
24204280
25379128
24405573
24705650
21020635
23052573
25808851
24714110
25690038
24742746
21764394
25158591
23008268
22763290
22115426
23158810
25875130
21879290
21767367
25028359
23193331
24371967
22332298
25913191
23299264
23926200
21243225
22876246
25347374
23890455
24549464
22671789
24164247
25747220
21019253
21147496
22141846
25295278
23132762
23746480
23492706
23186012
26001937
24276316
21670314
25217716
25900093
22097138
23725199
25081604
26005223
25989971
22251157
24467487
23189598
21061838
22465980
21240338
23796253
24011666
21275137
21084759
23721585
24831206
22959151
21456609
21001829
24570743
23553543
24455161
24870521
21178422
21380107
21364014
22789391
23812833
23742447
22637461
24258786
21965617
24538076
21254216
22205519
25473520
23821498
22603109
22804073
24667247
24215052
24018384
21970045
24344678
22563230
25809758
24509618
23215206
22070464
25112532
22781863
23638066
21647520
24648411
25136690
26016331
23011498
21728545
22984993
23499269
24324021
22890066
22726765
23353491
23633703
24162777
22686823
23275820
21661468
24179716
25184259
22534824
22129421
24198572
24821368
21888395
23690208
21064220
22471923
25503742
22500159
24624541
23945844
22890451
24697870
22927594
22006539
23664922
25774590
22151990
24478704
22891454
23708826
24406415
24995084
23728023
21033645
23089818
24320249
21728413
21621348
23216273
21020423
24573440
24818455
22748360
24899351
25334842
23061497
23610374
21806918
21040723
22783856
22226559
23105121
22356970
25419904
25675735
25206481
24782084
21051038
23565673
23811357
21848833
22236901
22638232
23745505
21981899
24869960
24256291
21940879
24903064
23098779
23801718
25765873
25873702
24924848
23872584
22295178
24869577
24996482
24023466
22728508
23502601
22628732
22786370
23067214
25587671
23909886
22630353
25648997
22763766
25671766
21085512
21598948
23187508
21752978
24806520
23227078
21455404
21923645
22287248
25527636
21864673
22445153
23080869
21915428
24045123
23271169
22006887
25738481
23005478
21749048
21315004
23845895
25926719
23555412
22361927
21722507
23745911
24201682
24627958
22946528
23990529
22629044
25314270
24661648
24751445
22892082
25841536
24423707
22159271
25550033
23311572
25787587
24331694
22493394
24229950
25704772
21260900
21461525
25758375
23355998
22181312
23779177
22132159
24880865
24388631
23254102
23278087
24010141
21795653
25079975
24257394
22015774
23767879
21607430
21705782
22278542
22585798
25294483
24408166
23105290
22578774
23741794
21666394
25299031
22840636
25273820
22260602
25578804
25235135
24455347
24912635
25150781
24263133
25263265
22375041
24716561
22609795
21303625
21943686
25663251
24846583
22762774
25566224
24497098
22917715
21528958
24895893
25941817
23885812
22901431
22841433
25754716
22019517
22835803
25500039
24187503
25121002
23354512
23596221
21889749
23891544
23469397
23800626
25582639
21715876
22828515
24103494
25909098
25041177
21761441
24418479
25654383
21567730
22548503
24886034
21179764
24497013
25642470
24742377
25955470
24642996
24783504
24048075
25226962
24739472
21348968
24925183
24153240
21639754
21267381
24811558
21259906
25017656
21912683
25654727
24729938
23990184
22011881
24709393
21626140
21985829
25242002
24161381
24147087
21288741
22671584
23611503
21446933
24757168
22263067
24202215
23199109
22872071
24880048
22773024
24899131
25974099
25084164
23730226
23166753
21210160
24461498
25223533
24409648
22707582
22262733
25081518
24640238
25477409
22496187
25858329
25637176
25228169
22143365
21652824
21435765
21427767
24876889
23409593
21624632
22747334
21339757
24325943
22704212
23478681
22997477
21357953
24909649
25312537
23142598
21199968
21129424
21138353
25035359
21090172
24647176
22503104
25550151
23463956
22209874
25227220
24176349
21359674
21188607
24312112
21531757
25181646
22829488
24806509
24245284
22076286
21803688
21697964
25989784
21724940
23444608
21869149
22779626
25614192
25434143
22781797
25387595
22437636
22872226
23416539
25253686
24808503
21959444
25417099
23933046
22970423
24035574
24557449
21032716
24472413
23342474
21834289
25127641
23562509
21742479
25364698
25628481
23260212
21932879
23891716
21318145
21929172
24132607
25983962
25474566
23643487
22166488
25600797
25641071
23254369
26025070
25488591
22536586
25602189
25574033
22119979
25653851
22487116
23965923
21788258
21069091
25824716
24945400
22234384
23465443
22980373
21906020
22982962
25388376
25038071
25771059
21547915
22992402
25607009
22953666
22960325
24383765
24744850
23245628
25588955
24955142
22982896
25064197
25104547
22116175
24698544
21726325
23475924
24405990
22613513
22524876
25042308
24888246
21310893
22794303
21623887
25390235
23802711
21275069
22812935
25154379
23977486
22369071
25342820
23984865
22333540
25900024
23172051
21972970
25199311
25878950
24850532
25941527
23199303
25806646
24796926
24767126
21325527
24965099
22074072
25162932
22061503
22482131
23406904
23180576
22492859
21881117
21580162
25243312
23253802
25840858
25615362
21829502
23631854
21864575
25317816
22181879
25795250
22871716
21724032
21741982
22571318
25908321
24865085
23128898
22456734
22883066
24766769
22752789
23012432
23648254
23905458
25318635
22724121
25527076
25522482
23898580
25353095
21094131
23087651
24837551
23163538
25508613
25285451
22063336
22428238
24011312
24287925
24534905
23902537
21583278
21234957
22842611
23547905
22128416
25862400
22584763
21944662
25761366
25338864
24720165
25879942
24191659
25748627
21618855
21180864
22016026
21127470
21429746
24892768
21340793
24709569
23521455
25624438
21110927
24861755
25333788
22474499
24725317
23646669
21625706
25449730
22404959
24546857
24891319
25679216
24103892
25001422
24766949
21425175
23954236
25372374
24960781
25930833
22585495
24294515
25671476
21227779
