22401796
25645950
21005300
23382549
22934471
21809573
24067412
21150957
22290827
22033212
24275979
21424545
25135324
21511442
22560824
25891427
24382596
25435979
23400912
22905707
25344813
25973053
25719002
23308509
24764377
24706177
23838726
22757341
25696893
24181954
22361158
24443859
24599498
25306457
25517454
22304336
23703968
23030138
23716255
24659402
22718972
23522682
21319841
25651548
23221853
22288050
21050383
21647847
23763711
21390878
21681225
25986428
25303752
25722157
24443639
25376857
25151126
23803098
22421123
25120910
25775809
24472086
25617298
25038439
23684833
24189556
24612298
25170834
21535212
21354090
22215060
23879237
25385319
22667661
24978171
25193595
23336159
21498946
22466774
23480713
25944084
21913136
22921416
21390444
21859793
21220174
21843775
24610714
24275396
25325524
25412313
22081396
24007232
25254203
25589220
24036615
21985336
22150051
21026956
23615607
22744870
25450735
24637106
25381055
25503188
21396212
24802402
25015643
22086902
23243484
24470021
23909113
21747780
25155641
24872217
21006644
21522634
22890908
23821752
25554448
25932270
23353671
22539417
24851373
25954319
22826218
25952920
24463896
21564077
21360395
21350208
21907309
25335563
25768962
24889842
22300656
25904188
25707054
24171575
22890032
24999464
23003399
25426127
22957023
23133120
25269816
24701919
25796481
21367068
23573758
23556993
22904328
21151473
23383790
22032816
24913355
23531471
25992730
23134271
23883601
22507966
23514616
21252570
21363394
25164718
22725872
23768394
25926965
25969479
21642584
24353802
23860472
24235410
25739638
25317997
23798371
23319486
23612910
21523814
25557341
22229639
24446844
23526050
24903970
21656459
22586552
25608895
21926829
22850613
22255223
24707456
23422374
23742590
24538500
22955161
23354546
21747033
25898611
25472097
23242223
24068687
25357891
25231390
23821588
22411616
25498241
25620536
22955283
25096736
21168154
24500613
23715342
21669354
25944424
25053221
22549863
24306284
21852011
23597777
23655755
21600279
23245233
25130537
24922691
21450941
25630531
23236663
24528361
24140973
22004579
22471577
25629462
21047685
22501002
22944668
21336938
23817590
25624212
25523875
23717434
21307893
23489149
21699972
25013636
22405712
25438767
24229445
23671906
23086633
21571629
23089596
24479114
25172162
25889225
25065175
22642560
25438433
24972200
25969246
21290399
23136741
24193908
24321374
25268196
24024483
23229530
22477991
21129722
23025435
25895249
25980216
23623529
23395013
24501429
24180080
21951436
24883265
21426742
21197998
22130497
23156582
23014782
21081991
23801161
22870095
24275466
25459186
22226602
22735346
25596946
23991332
25081555
24161063
24010597
22161876
22880777
22105029
22810254
23744138
22491138
25686494
22870302
24226255
24087504
22810328
24989923
22742817
21856389
21331200
21349153
21812004
23649085
21887518
21733127
21945332
24509157
22669562
23918263
21052863
23360927
24056414
22149585
22780994
21471670
22178067
25128418
21047389
21626639
24959363
23565508
23411673
22818060
25558250
22331794
21220392
23402395
23197156
23967873
23938330
24522943
21423071
23052591
22245778
22749526
21258520
22926294
22884856
22796785
25484453
22213636
23212738
24741108
24592692
24881059
24168198
24463489
22420585
21288845
25336135
24763072
22264103
23996859
24107846
22425265
23528533
25958777
23297170
22370749
25427706
23119893
21878888
25276043
23764447
22647027
23346849
22581215
21994729
23353254
25010803
22253792
25222691
25619874
21986628
24266189
25541229
23159240
23357887
23840255
22889772
23652959
25936698
24866499
25878599
25511335
25566405
21256154
25153694
25733759
21708213
23106847
25910938
25969165
23187926
22744799
22889200
21142436
23465289
25219926
22248614
21222323
23178040
23524882
24744068
23850003
21879136
23426498
23085175
21938273
26026500
22223336
25688581
23231857
24890545
24864420
21763279
22786521
21790731
24003575
22425931
24769623
23124366
25892864
23899469
23343160
22763038
22604358
21188099
24461659
23281791
21624303
21106843
23341473
23990904
21476249
21551380
23029299
25555856
25578421
21345120
23588442
25535084
25769158
23379839
22324415
23175965
22885314
25322023
21860031
24521049
24618348
25481701
23361305
23066153
21800348
25530433
24321102
25911845
22742580
21467120
22925320
25469736
22273095
24711321
22106611
21800486
25995768
24114940
25810470
25728625
25359425
23432600
22485823
23081867
23759627
22243984
21063011
23215243
25968052
23516690
23655807
25810865
24893638
23346113
25078414
25605145
24778569
23354902
25916029
23839766
25183460
21828231
23209381
23492189
22381257
24588429
21518764
23232645
22868569
21245232
22782393
22392386
24855336
21898964
23218685
25278048
25603836
22162837
23746591
21689127
26000612
21903419
22879061
23266672
25166965
24085375
24202647
23901407
22367824
24145000
21553952
24818757
21820903
24883170
24917737
23562326
21062958
25741044
21333909
25292029
21037607
22959829
25009221
26021468
25135136
21791092
22850855
24484993
24078918
24922657
25394206
21009273
22852743
22657039
23711345
24741222
24142752
24434600
25709165
25705583
23863591
25858178
22924014
21593102
25745388
24511862
23791868
21897090
22775878
22153484
23327657
25446806
24539507
22625389
22848576
23030164
21174349
25072196
24121440
21240754
25436128
23185831
24806531
22978632
22934554
25162138
22155513
23455111
24760215
24623035
25867526
25354984
24332874
23409482
24040969
21258921
22000993
24995010
24837627
23868588
25480130
24186092
21760237
24857395
21422216
22565015
25994783
24858243
21137375
23545134
22023352
25093489
23024974
24160236
22694388
23751210
25674221
21229921
23765180
25262724
23283710
25205923
25238210
21146393
24008603
25457618
25322113
21216920
21543366
21586196
24567429
23685155
22624503
24178046
23443032
21373503
22420360
22912580
21755353
25381411
23627025
23122871
23051998
22079068
25451840
22929123
23043037
21335106
23149767
24841127
24098294
25546254
23948092
23724112
21355286
24912650
25994870
25845207
23255597
24439776
25183075
22921547
22391409
23452996
23747037
25998438
21733138
23065003
25840589
25031162
25085850
25841648
25030681
23624280
23102456
24164780
23978285
21732141
25285759
23263017
22919628
22795189
24847776
22008432
21395068
24675199
21630143
23014165
21712074
23459541
25105485
22940890
24814534
24343428
21488047
21435454
23475701
24568015
25144139
22479707
24121551
21728340
24281588
26023039
24189112
23652250
23460146
24561405
23899426
21163262
21502924
24533545
23252204
21560841
25260847
23531554
24194621
24472441
22726877
25956930
21702143
21890525
25667217
26022923
25109033
22619382
24876981
24558016
21096766
24993841
24593583
25574498
23249083
21199393
23969983
23043060
25851839
21586411
21716911
25440100
25537478
21435796
24872763
21618075
23599970
25008156
24763096
24793360
23882234
25975938
23683671
21804710
21266534
24126466
22544407
23711199
23201981
23814614
25311090
25690541
23223419
21133610
22932462
21003940
25257903
22728982
24045836
24787209
21925397
23118431
23362907
24673401
24255936
23376855
22550191
22525906
22628535
24810178
21581279
23669107
25753139
22436664
21972684
25128356
25521012
25766095
22835692
23086497
23711290
24598458
21864259
22445871
22312954
25732578
21790149
23225485
21661130
23850731
24020422
23714025
25482160
21158998
21785072
23020621
24651582
24119651
21580175
24439122
23683602
22763934
25714162
25211140
21472331
22801224
24857558
25238272
23489624
25499974
21893183
21257241
21472680
25502396
24079181
25253917
21840980
23476237
22079025
21121672
24779246
25805031
21818508
21627590
23164476
24288442
24129773
25612643
22103069
24397832
21496764
23592972
25271808
25914253
21423618
23048655
21558610
22704009
22841461
24427012
21521680
23135792
22991443
23302747
25439814
21151744
23572311
23044869
24556307
25237516
24446036
23871286
24608770
21401303
24310361
22153439
22926666
21851361
23223370
24050563
21287722
21453211
24144684
22243771
25539289
21920875
23715184
21274977
24235978
25022461
24663968
23682167
24804340
24043238
25253839
22454314
21651260
22356601
25503677
24364397
24954087
25485698
21720590
25296987
23598888
24337136
24654882
23512926
25939760
23890204
25690108
24101996
21087581
22743210
22297222
23871714
25648420
21161586
22052911
21785761
24316285
23360046
22658427
23091876
24619866
21308790
23636837
23321664
24360203
24685877
21127884
24798519
25851555
22860422
21713694
21285528
23770147
23572655
22856861
23331418
22801510
22941096
23040498
24484078
22264545
23619080
22443956
25147261
21793045
24866392
22321974
25333996
22071996
21565117
22999075
21018552
23033538
21618844
25197381
24381785
23657355
21580837
23295721
22027082
24686632
21508252
25660561
23106091
25220158
22435563
22235452
25072305
21719492
24490414
25910505
22121354
21466161
21113590
21831354
24494413
22285012
24064720
22357812
21536756
24432967
21131998
25190416
22861379
23899992
22215273
24169358
21102894
23756834
21131838
24233647
25003361
23168028
24640102
24872619
22845317
21008230
25760165
22448352
24916433
21083699
22935987
23616414
22725374
21834608
23797459
21882674
22515853
24843824
22248790
22827705
25811169
21686014
22911200
23283107
24592191
21268389
23185288
23412990
23327192
21023209
23601199
23391228
22270606
25999290
22272856
22435057
22485665
22646274
22594564
21522255
21170356
25865756
23099433
24957261
24478456
26013332
22982839
23937481
25636186
23913216
21225269
22662768
22722265
25832273
23923756
21360157
23451005
23741531
21544860
23127918
24647163
22286830
21475660
21858407
24002453
21589340
23363166
24079689
24546399
24918676
25620303
22158232
25913504
24804399
21216022
22759028
21748429
24201712
24531392
25714970
24872208
21712287
21665906
22106945
21434238
24948506
23515140
21595348
21649096
24360128
24821941
25484447
22757587
22058127
21608774
22355519
25130221
23981596
21359083
23476879
23413080
25365979
21458746
25268617
24524044
23983443
22171526
25599012
23890672
25732025
24333940
22811573
21415830
21173397
24343692
22931719
23425786
21995716
24913454
21587589
21849973
22324357
21864926
24578870
24755274
23570881
24249122
25171501
23285196
25655881
25975835
21178116
25008032
25229054
22401753
23968190
23551429
22176651
24616225
25974528
25130602
22483379
24096772
25583713
21392740
23098469
23831512
21022296
25226810
24101218
24601340
24253901
24180006
25644747
22302969
23863305
21038757
22298797
22580891
21088228
21893330
22209236
25245763
24749811
21854398
24205475
22850361
24748274
24459340
24085103
23753048
22235683
25246961
25972484
24598486
22836083
24853650
22700471
21282730
25314802
22043303
25956309
21357883
24666820
25205620
22053853
21776141
25623341
22331723
24519792
22702262
24715788
21051628
25078254
24949848
25228475
23608846
23444092
24122461
24494362
22194539
21939887
25192033
22968607
25949505
21898466
23725672
23904798
21137362
25295600
24345946
25327338
23289786
22253688
25364565
25669862
24301114
25815650
22586689
24083831
23223084
24200960
24788248
24183294
24860111
24102861
21811938
25058894
24579575
24788512
21078945
21864053
24514155
22261867
25172859
23210863
22995409
21562467
25509229
24391691
22996716
24434131
23883371
21674739
25547120
24224353
21035259
23225667
22340250
22674326
21201662
25337735
22719955
25461671
21579677
21659781
23290861
23705364
21412111
24016127
21931961
25165802
21997323
25785683
21560602
25602694
23141725
25392748
23317835
22089905
22578212
22055123
24586075
23049163
24404755
25201278
23005111
21701766
25810403
24598329
23718157
23037438
21558805
25777974
22878506
22495664
23871492
21205684
21836942
24073110
25142328
22546658
21070186
22533000
25648582
21369612
22815420
22384522
24111572
23160820
25124890
23165828
24695407
25119489
24960156
25594281
21645529
24942708
25112020
22322342
25376284
21927377
25952201
21336097
24439003
25954183
23467489
22229714
22163438
25289522
24486228
25675153
23391189
23038259
23044850
24617747
25758340
23392400
24623041
25064706
24335314
25459841
24184887
23577967
23042036
25460437
24261708
22441837
23001739
24284707
21411162
22780114
23992408
24734513
25634379
21937580
25199889
25797829
24753647
21572514
23796678
25145603
24336561
24292220
22322640
21455209
21617757
22496312
22272802
24611335
22701963
22631087
25448151
23849933
21185263
21350003
25779038
21497539
21746751
23697415
23379167
23300573
25370564
23089501
22436956
22981644
22493769
25502301
21170748
21215864
22110495
25362533
24036335
25956861
25615678
22653556
23659800
23165917
24444348
25948633
23541069
25540188
25963051
23117973
23286756
24863511
21215879
25939374
22636326
25338666
21733887
25637424
22242920
25803680
24549297
21903028
25466320
22259774
23440926
23210478
25948742
22687825
24324635
23643095
23202470
21847538
22037275
23404900
22686684
21861756
21106187
24394461
21479776
21103316
22438657
23677769
23770394
25159388
22998606
21978711
21058056
21418250
21653878
25962677
21935258
23924757
25863102
23776204
24333847
25355472
22671892
24581536
24350577
24381894
21837878
23022229
23250923
23378299
21042670
22519577
24796950
22029734
23552694
25206725
23289039
21925096
25074767
22276390
25095486
21608585
24311602
22984042
25015094
25833751
21144777
22322246
24037220
23143480
25260896
22825411
21668668
26002451
22673961
24767135
25754723
26007973
21751518
25229698
22667604
24995370
24284802
25144009
25452285
22413211
21913345
22448942
25719088
25177964
21734456
25140467
23156732
25212914
22220382
24366773
24753601
22229878
22908736
22691275
23287326
21001524
21795324
22336621
23348913
23227728
24293944
21996945
24859578
21535427
21099400
25617586
21549132
24420851
22920226
21389403
25961269
21506526
21271588
25406865
22481933
21823303
25433216
24525972
24701232
25032948
23533277
23981179
24608818
25416399
24814376
21184378
23662744
23995004
25874492
22373145
25189995
23402274
22604062
21925935
21935766
22681625
25225222
23230467
22595687
25501738
21392923
23693978
23569621
24162424
22416166
24301447
21573136
21514206
23244780
22693899
25863000
23758349
24310202
23484673
23100581
21660079
24570197
22051920
22735131
21739414
25750717
24309726
22084878
21264732
21704952
25718913
24512475
24938134
22477127
22966343
23117501
21237728
22894484
25841722
22318653
21702914
24464378
25157047
22522676
23212426
21186803
25024067
23591546
24820849
24430977
21763962
23738197
23326186
22045457
25861976
23663936
24435519
23465360
22645422
23807922
23799411
22723719
23854435
24004626
25497382
25768206
22228438
22809220
22839742
24718844
22557542
21377425
21659917
21296300
24427581
24050872
25360729
24098325
25589050
24348747
25559072
23908219
25299769
22827335
21563002
23695881
25779729
24411525
21835808
21003555
24872104
23140395
25998076
24239425
23855925
21537403
24680851
21253892
23589993
23942756
22968202
21851333
23070808
25094741
24322338
23009684
25908197
24304967
22692931
22920380
23849830
24178301
24307948
22266193
21348324
21887781
21492563
25623604
22182514
23363100
24159798
21446591
25646321
21401047
21518103
22404439
23578788
21906532
22067065
25367440
22753747
25762462
23505919
24827711
25096549
24803644
24029464
23853269
23527975
22537729
21067920
25783589
21002457
25245911
22707946
23143608
22212290
22032258
22134942
24940791
25432960
23473915
25107945
22269106
25165018
23470379
24957878
24397623
23855463
21487750
25221640
22828002
25276816
25771988
23513549
22089942
23870112
21441563
22620527
25468508
25603634
23582466
22676402
21947582
23396173
22463216
23268434
24181847
22040684
22588352
22201875
24970830
24546800
23711064
21294372
25744616
23552151
21810682
24159741
22589370
21111378
24179335
22318748
23674420
23766718
21057615
24062991
22455327
22522056
23904452
21800719
23399376
24800262
23464240
23361958
23142043
23516760
21183518
24215409
25920848
21393176
24159922
24750930
23160698
24191004
25732813
23838774
25424580
21847965
22472983
23389103
22260731
23707253
25520478
21224767
24097479
24374960
23590604
21378960
24106946
25597631
23412871
24229600
25600985
23465915
25881465
21678507
22177661
23442301
23569139
24969455
25410391
24313625
22678866
22156649
25930930
23804108
25978808
22248982
24086639
24198669
21124619
22292190
22665915
22775732
21106852
25007282
21467733
22285186
21723640
23114597
21489380
25698477
23963183
21776387
23626334
24709388
21547949
22033683
23817834
21665068
23899738
21763085
22315777
21157316
22523072
24388191
23684652
24319978
22227402
25018556
23829988
23608439
23926652
25019756
24472502
22883658
23468783
22364574
22962221
21661295
21867754
24237795
25858719
24117980
23174636
22768034
23662874
23095971
25706885
25837549
23656018
25091033
23089106
22726597
25903591
25202342
21187356
24926563
25845148
24739721
25425586
23843122
22170885
25591105
24485982
22619124
24410604
25121942
22669733
21315637
21305677
25172903
25617721
25971801
22040989
24670841
25295424
22793973
23599431
22998376
22626375
24946139
23394662
22835960
25606728
22676517
21480267
24694632
22877392
22174927
23369322
25304577
22687515
24675968
24193839
22048404
21819994
24847542
22155199
24718528
21031056
21283711
23568997
24138590
25525066
22870816
22047320
22396329
21444572
21787195
21708994
24765813
25870768
22486908
25645521
25242067
21396323
24748114
23174640
22907295
22586579
24899666
23453743
23583470
24130284
22311114
22390210
23165295
22137852
24142061
25074928
21903926
21251209
23506144
23822275
22291711
24777863
21042007
24134995
25248373
21377066
23418133
24384731
23027024
22846290
22471631
22591864
23193417
24828491
21808476
22912373
25463415
22688936
24873908
24402985
25560023
25776813
22063963
25804240
23597632
25033804
22361671
23334012
21262660
25006215
24336148
21794832
23061029
25333449
25641994
24909497
25236691
21942068
23214367
25209649
21011295
21308163
21505642
24321983
24315615
25705131
22638200
21000657
23745089
24520260
24231065
22473537
21963765
23062812
25820395
21007222
21204706
22530575
24186514
23477473
24847339
21796295
23692278
25257476
22742142
21866672
22711130
22445713
23543789
21658560
25176879
23698772
23778243
21153506
26004627
22743963
21398953
22871563
21937181
23197280
24909999
22812471
21181354
25763083
21997225
22964110
22587576
23334089
24827321
24802749
24551305
21655889
22984833
24457078
22775968
24358015
25695353
21847840
23441779
25201205
22238207
22631464
25202323
23738752
25012934
24252519
21530593
23764235
23900629
22845077
24537852
23444915
23868197
21727025
25723493
24591326
23556861
25910429
25969359
22651784
22521853
25844651
23774758
23748634
24646466
22531556
21701302
24160485
24312004
25721872
21461344
21635658
24567578
22643382
23291733
25866250
23092541
25371692
22252057
21188929
21225783
21975652
21701582
21554589
24527388
22971012
24646667
21121569
23327941
22232288
22334991
21125774
23958343
22560246
25430064
25954773
22321223
23601409
21881455
25173662
25900045
23068220
24929674
22618688
24407604
25323539
24381816
21954132
24186573
21318295
23000716
25170157
23202252
21992873
25480014
25009906
21283317
21237638
24379233
21944268
21963877
24188697
23969686
23257473
23684135
21701393
22521369
24830006
24979560
21723153
21264970
24744190
25637096
23763168
21011587
23520891
22906719
22110662
23166229
23965250
21716051
22850991
24160995
21672211
24975764
23097457
21118436
21988778
25365347
24476214
23219250
21896386
25716784
22888256
21005220
23570319
21182254
21747474
24192787
21781439
23803511
24495653
23413476
23971360
25860517
22442900
25651922
23629137
23813083
23109494
25229929
22624214
24802998
22972435
25093723
21861836
21207730
23429297
22221023
25166013
22276017
21609903
22879004
23673788
22626605
25451433
25942765
23365550
25358874
23461330
22875850
25978579
23962986
21216090
26024127
21682517
22939709
25291655
25457717
22055231
22214759
25696184
25024191
22978969
21679867
24843958
24987018
23363157
22387192
24333145
23973274
21989448
23815727
23176960
23866155
24990965
22087986
23501230
25564348
21595263
21880593
23093867
23754055
24520880
21189344
21246144
22419182
24531023
24661325
24828516
25204719
24732450
22050402
24323065
23728849
21609842
21755400
23274338
22871252
21279886
21648916
24536943
24651117
23970667
21471854
21350731
24531042
23666740
24166057
21318520
22379679
24484273
22284390
24046533
25294214
22090527
21025085
22677466
25452796
22248370
22901027
24184607
25076626
22725940
23835293
22676554
22882262
21441896
23915051
23926765
26015243
25876198
21703551
25467406
21097783
21163906
25763770
23242010
25561351
23030021
21211298
23899779
25172860
22409989
25104358
25046421
22437529
22524914
23600711
23745943
25351325
25958176
22079874
22191066
21871701
22548784
22552951
22575267
24004957
22125082
25225261
23800322
24454746
24886906
22497841
21947215
26022721
21357788
23459816
21645101
22908846
23035307
23684993
24729149
21542738
21403345
22198263
22434038
24016641
23459290
24740004
24923740
23342545
24434039
22031973
23743397
24165027
25670885
22556389
24052449
24969249
23965484
24683977
24463677
24083008
24886787
25889871
25340848
25449329
25390465
26010256
22560316
25733983
24868790
23731501
25515882
22378040
25074821
23715802
25666223
21573487
21918964
24916595
24587795
23855526
22198651
25729272
23965803
22164896
23213634
21209083
21587248
24182166
23547327
22205530
22527042
24964923
24374981
22810906
22415105
23744501
24624140
22783394
22096033
24509515
24103143
21106998
24151799
24575726
25190106
21821243
25808185
21526301
22907193
25415488
25730176
25661083
22934072
22585480
24761374
25049609
21015776
24091299
24137723
25436212
24719318
24405495
25091779
22704782
24204280
25379128
24405573
24705650
21020635
23052573
25808851
24714110
25690038
24742746
21764394
25158591
23008268
22763290
22115426
23158810
25875130
21879290
21767367
25028359
23193331
24371967
22332298
25913191
23299264
23926200
21243225
22876246
25347374
23890455
24549464
22671789
24164247
25747220
21019253
21147496
22141846
25295278
23132762
23746480
23492706
23186012
26001937
24276316
21670314
25217716
25900093
22097138
23725199
25081604
26005223
25989971
22251157
24467487
23189598
21061838
22465980
21240338
23796253
24011666
21275137
21084759
23721585
24831206
22959151
21456609
21001829
24570743
23553543
24455161
24870521
21178422
21380107
21364014
22789391
23812833
23742447
22637461
24258786
21965617
24538076
21254216
22205519
25473520
23821498
22603109
22804073
24667247
24215052
24018384
21970045
24344678
22563230
25809758
24509618
23215206
22070464
25112532
22781863
23638066
21647520
24648411
25136690
26016331
23011498
21728545
22984993
23499269
24324021
22890066
22726765
23353491
23633703
24162777
22686823
23275820
21661468
24179716
25184259
22534824
22129421
24198572
24821368
21888395
23690208
21064220
22471923
25503742
22500159
24624541
23945844
22890451
24697870
22927594
22006539
23664922
25774590
22151990
24478704
22891454
23708826
24406415
24995084
23728023
21033645
23089818
24320249
21728413
21621348
23216273
21020423
24573440
24818455
22748360
24899351
25334842
23061497
23610374
21806918
21040723
22783856
22226559
23105121
22356970
25419904
25675735
25206481
24782084
21051038
23565673
23811357
21848833
22236901
22638232
23745505
21981899
24869960
24256291
21940879
24903064
23098779
23801718
25765873
25873702
24924848
23872584
22295178
24869577
24996482
24023466
22728508
23502601
22628732
22786370
23067214
25587671
23909886
22630353
25648997
22763766
25671766
21085512
21598948
23187508
21752978
24806520
23227078
21455404
21923645
22287248
25527636
21864673
22445153
23080869
21915428
24045123
23271169
22006887
25738481
23005478
21749048
21315004
23845895
25926719
23555412
22361927
21722507
23745911
24201682
24627958
22946528
23990529
22629044
25314270
24661648
24751445
22892082
25841536
24423707
22159271
25550033
23311572
25787587
24331694
22493394
24229950
25704772
21260900
21461525
25758375
23355998
22181312
23779177
22132159
24880865
24388631
23254102
23278087
24010141
21795653
25079975
24257394
22015774
23767879
21607430
21705782
22278542
22585798
25294483
24408166
23105290
22578774
23741794
21666394
25299031
22840636
25273820
22260602
25578804
25235135
24455347
24912635
25150781
24263133
25263265
22375041
24716561
22609795
21303625
21943686
25663251
24846583
22762774
25566224
24497098
22917715
21528958
24895893
25941817
23885812
22901431
22841433
25754716
22019517
22835803
25500039
24187503
25121002
23354512
23596221
21889749
23891544
23469397
23800626
25582639
21715876
22828515
24103494
25909098
25041177
21761441
24418479
25654383
21567730
22548503
24886034
21179764
24497013
25642470
24742377
25955470
24642996
24783504
24048075
25226962
24739472
21348968
24925183
24153240
21639754
21267381
24811558
21259906
25017656
21912683
25654727
24729938
23990184
22011881
24709393
21626140
21985829
25242002
24161381
24147087
21288741
22671584
23611503
21446933
24757168
22263067
24202215
23199109
22872071
24880048
22773024
24899131
25974099
25084164
23730226
23166753
21210160
24461498
25223533
24409648
22707582
22262733
25081518
24640238
25477409
22496187
25858329
25637176
25228169
22143365
21652824
21435765
21427767
24876889
23409593
21624632
22747334
21339757
24325943
22704212
23478681
22997477
21357953
24909649
25312537
23142598
21199968
21129424
21138353
25035359
21090172
24647176
22503104
25550151
23463956
22209874
25227220
24176349
21359674
21188607
24312112
21531757
25181646
22829488
24806509
24245284
22076286
21803688
21697964
25989784
21724940
23444608
21869149
22779626
25614192
25434143
22781797
25387595
22437636
22872226
23416539
25253686
24808503
21959444
25417099
23933046
22970423
24035574
24557449
21032716
24472413
23342474
21834289
25127641
23562509
21742479
25364698
25628481
23260212
21932879
23891716
21318145
21929172
24132607
25983962
25474566
23643487
22166488
25600797
25641071
23254369
26025070
25488591
22536586
25602189
25574033
22119979
25653851
22487116
23965923
21788258
21069091
25824716
24945400
22234384
23465443
22980373
21906020
22982962
25388376
25038071
25771059
21547915
22992402
25607009
22953666
22960325
24383765
24744850
23245628
25588955
24955142
22982896
25064197
25104547
22116175
24698544
21726325
23475924
24405990
22613513
22524876
25042308
24888246
21310893
22794303
21623887
25390235
23802711
21275069
22812935
25154379
23977486
22369071
25342820
23984865
22333540
25900024
23172051
21972970
25199311
25878950
24850532
25941527
23199303
25806646
24796926
24767126
21325527
24965099
22074072
25162932
22061503
22482131
23406904
23180576
22492859
21881117
21580162
25243312
23253802
25840858
25615362
21829502
23631854
21864575
25317816
22181879
25795250
22871716
21724032
21741982
22571318
25908321
24865085
23128898
22456734
22883066
24766769
22752789
23012432
23648254
23905458
25318635
22724121
25527076
25522482
23898580
25353095
21094131
23087651
24837551
23163538
25508613
25285451
22063336
22428238
24011312
24287925
24534905
23902537
21583278
21234957
22842611
23547905
22128416
25862400
22584763
21944662
25761366
25338864
24720165
25879942
24191659
25748627
21618855
21180864
22016026
21127470
21429746
24892768
21340793
24709569
23521455
25624438
21110927
24861755
25333788
22474499
24725317
23646669
21625706
25449730
22404959
24546857
24891319
25679216
24103892
25001422
24766949
21425175
23954236
25372374
24960781
25930833
22585495
24294515
25671476
21227779
